50
27
4
25
29
13
6
37
1
2
11
25
9
20
47
3
1
4
48
43
50
44
29
8
27
33
21
36
50
44
46
49
22
1
25
50
14
32
36
16
34
46
40
44
17
39
47
18
42
46
10
41
41
40
49
19
24
21
5
23
14
2
23
35
3
50
36
18
31
21
33
16
18
24
10
37
12
8
4
3
5
15
44
45
4
44
13
27
14
19
1
29
21
25
15
25
26
50
42
7
22
26
22
41
49
33
27
13
40
32
15
46
46
10
40
49
3
5
27
18
23
29
46
45
6
10
21
31
11
14
37
34
39
11
25
40
43
3
2
35
35
18
30
30
28
22
31
32
28
9
50
2
40
47
47
45
9
19
27
21
33
16
5
21
26
31
12
20
35
15
6
19
33
38
1
12
11
33
45
38
43
46
39
34
43
35
28
3
4
7
23
38
22
29
8
49
11
22
20
46
36
28
16
20
15
18
31
25
2
26
12
47
21
50
30
15
37
8
19
42
16
42
29
37
22
38
37
33
9
8
30
47
35
45
16
49
15
47
25
16
24
36
12
46
38
42
13
26
1
31
19
18
24
49
6
46
38
42
30
49
49
9
45
36
5
12
34
21
10
9
39
33
46
50
31
35
43
43
12
45
23
32
12
47
32
19
44
20
12
23
20
11
33
16
46
39
27
31
10
37
41
48
21
39
49
1
23
44
43
37
40
16
18
2
14
50
22
7
21
34
29
40
46
11
5
43
1
31
23
10
19
16
7
40
4
8
40
28
1
33
14
40
50
34
43
13
35
15
19
5
48
49
46
43
9
50
37
9
32
9
21
1
26
29
42
29
36
31
7
38
15
22
28
14
7
22
26
41
38
46
47
35
44
42
29
4
43
15
15
27
26
35
27
1
13
20
32
1
50
40
38
15
13
17
30
20
39
6
12
26
1
9
13
47
50
43
50
45
10
14
21
37
50
49
37
13
18
20
15
19
9
2
33
22
21
13
41
9
20
2
36
22
12
50
18
14
43
18
8
2
33
30
40
33
28
26
47
47
48
11
15
6
14
50
29
34
12
19
44
33
23
32
4
36
31
24
49
25
43
8
28
25
37
17
7
16
45
5
12
42
15
27
47
31
26
26
16
39
46
10
21
20
41
26
6
23
49
6
48
41
14
25
16
2
42
24
18
36
29
29
27
45
7
25
27
34
2
43
24
50
4
44
19
46
22
26
18
20
32
15
11
45
42
28
48
33
3
15
20
33
46
46
30
2
22
6
38
24
48
11
23
1
7
43
46
28
19
16
49
2
30
9
48
21
38
45
5
41
10
24
25
5
21
4
8
45
10
47
18
9
8
42
10
16
36
7
43
6
22
41
7
4
2
4
26
41
49
33
31
10
6
8
16
29
11
23
23
20
20
42
31
29
35
40
44
20
48
38
26
22
30
32
25
31
38
2
24
38
34
4
47
42
13
14
20
24
36
44
45
7
35
25
37
19
16
30
40
14
19
15
37
49
49
11
31
36
14
4
25
48
10
23
39
22
36
10
45
23
3
42
32
39
16
18
7
32
50
48
47
18
13
33
18
13
45
49
50
8
4
24
5
13
48
45
37
33
6
33
7
8
24
38
46
40
6
4
23
7
4
19
26
16
3
44
30
47
44
29
6
47
4
13
12
1
7
50
35
13
32
41
22
6
29
20
47
36
25
19
44
28
39
19
45
41
14
24
39
7
4
44
6
9
6
19
11
15
18
45
29
1
38
2
6
18
21
2
5
46
22
48
23
10
18
18
2
32
43
40
40
47
36
45
7
41
15
18
7
34
14
35
35
1
37
42
20
9
46
24
4
17
23
29
29
41
48
30
22
40
22
11
38
7
8
45
49
22
14
6
6
29
42
42
30
30
33
1
39
28
25
44
47
49
22
25
39
19
4
10
11
27
23
50
33
30
46
34
3
9
39
10
38
32
1
19
12
34
21
2
13
47
45
9
46
19
33
34
39
39
46
49
17
20
1
50
49
46
33
3
7
23
13
46
4
15
16
17
50
36
18
13
33
13
23
30
31
8
13
19
46
10
20
12
29
20
13
29
15
47
34
23
19
46
18
25
12
33
43
12
19
11
26
3
25
48
32
5
5
46
25
2
6
44
16
36
15
30
17
32
27
50
4
47
47
22
23
8
4
16
21
24
26
46
28
50
46
9
6
2
5
30
6
12
26
21
49
42
50
15
23
28
14
27
25
10
48
49
18
3
14
38
29
41
36
6
40
33
17
47
36
23
